100
345 271 260 447 92 
323 380 136 406 376 
175 187 59 80 439 
390 6 2 296 62 
354 70 105 223 58 
257 46 112 445 381 
421 466 100 130 305 
241 106 359 214 480 
304 265 385 243 178 
15 92 145 356 74 
263 177 460 256 147 
287 174 144 124 47 
460 218 448 289 435 
206 197 439 87 181 
217 150 161 74 475 
240 415 284 159 139 
489 78 419 375 46 
5 37 321 103 473 
146 181 254 456 58 
348 243 318 99 146 
168 213 76 442 397 
39 341 292 283 10 
100 289 128 348 431 
432 94 495 50 390 
179 358 434 16 34 
187 197 232 455 68 
82 195 359 47 11 
182 135 442 21 362 
430 36 24 294 293 
243 215 301 278 272 
471 198 159 176 138 
441 27 291 177 172 
300 408 342 93 18 
499 395 293 391 478 
218 444 397 20 26 
117 406 401 351 246 
54 170 235 450 113 
296 299 285 228 272 
297 286 417 173 492 
360 490 461 456 183 
158 275 366 348 85 
200 150 197 221 153 
144 195 437 128 389 
44 102 299 406 1 
215 188 496 327 392 
210 159 289 151 360 
119 331 157 192 243 
336 237 74 177 126 
96 395 89 94 495 
365 480 310 179 231 
249 388 300 347 344 
218 321 101 267 155 
62 238 119 212 285 
313 216 410 5 95 
484 457 0 23 133 
311 155 125 207 109 
72 53 116 473 375 
180 418 114 187 473 
117 466 163 156 109 
235 225 297 54 31 
31 72 310 62 194 
210 435 253 109 136 
245 289 261 373 23 
433 319 421 228 400 
239 60 82 414 23 
218 41 299 210 78 
350 307 121 269 401 
15 463 301 307 103 
327 427 290 192 177 
187 422 162 262 225 
186 62 27 154 481 
476 403 213 372 294 
318 149 333 287 223 
278 287 63 31 153 
429 61 360 148 200 
221 446 330 215 89 
365 361 127 484 404 
190 470 47 79 369 
361 215 118 393 43 
162 237 50 341 361 
338 55 2 240 425 
116 129 296 170 261 
75 473 12 294 213 
213 231 101 139 490 
313 287 112 74 185 
182 212 297 254 444 
62 228 98 268 308 
491 173 404 189 491 
288 366 129 143 203 
68 93 488 428 209 
187 20 131 239 228 
186 375 238 419 53 
319 374 337 312 123 
61 280 191 178 414 
375 350 132 131 224 
265 146 235 151 177 
398 66 28 290 59 
317 25 40 333 80 
403 202 231 24 90 
49 182 390 69 456 
353 289 204 481 10 
310 415 280 217 438 
45 84 62 395 71 
133 184 169 214 164 
61 360 477 232 271 
168 55 469 157 315 
152 94 188 107 337 
395 154 183 186 181 
305 56 366 423 486 
427 130 292 68 42 
104 255 384 260 252 
60 369 101 57 465 
132 66 103 126 394 
440 39 365 206 51 
3 370 343 394 124 
435 302 339 296 463 
294 297 220 250 13 
155 218 462 443 9 
9 349 433 202 465 
200 33 243 431 361 
216 219 485 38 187 
105 54 144 346 143 
469 491 286 353 35 
217 440 3 108 410 
378 409 26 479 407 
309 218 349 90 1 
82 272 387 86 469 
492 263 432 75 264 
179 271 378 411 78 
12 314 122 369 434 
77 271 366 470 170 
233 214 379 371 103 
451 294 433 479 36 
110 438 446 241 493 
61 140 324 487 380 
18 344 196 436 210 
262 359 83 152 104 
71 61 381 354 291 
59 460 197 378 171 
187 98 58 15 436 
249 380 433 62 30 
372 388 242 425 301 
420 54 18 176 478 
159 206 71 276 393 
196 373 148 282 268 
223 4 367 83 294 
385 434 120 373 209 
153 234 113 24 494 
68 442 313 11 115 
101 326 38 44 134 
496 70 73 76 251 
464 6 221 439 435 
405 240 125 195 176 
305 352 197 426 252 
148 202 390 218 71 
34 228 449 97 54 
88 400 438 6 187 
229 395 422 23 51 
57 360 44 69 400 
106 115 177 236 99 
295 377 78 477 12 
300 121 284 234 409 
349 50 168 311 273 
327 124 495 334 85 
168 289 286 456 66 
90 274 360 144 18 
200 462 115 308 393 
221 252 232 6 145 
491 268 256 276 241 
12 166 397 52 13 
189 124 158 136 432 
335 323 275 146 134 
308 445 11 422 67 
3 324 236 444 157 
392 1 365 337 177 
192 327 335 89 70 
341 148 272 181 134 
327 36 179 196 34 
428 74 387 271 141 
483 435 352 291 411 
370 492 365 42 321 
360 335 428 308 60 
146 16 264 392 329 
265 343 369 288 345 
312 61 448 450 429 
445 357 254 325 91 
459 430 241 125 479 
295 316 51 179 175 
489 442 485 363 486 
293 137 198 182 437 
296 497 371 110 370 
276 312 239 31 174 
250 353 416 223 399 
476 67 92 395 486 
324 3 378 65 188 
146 204 313 150 309 
453 98 248 302 484 
277 376 340 48 421 
354 159 133 177 156 
96 58 364 309 163 
499 229 394 142 90 
372 207 467 303 413 
289 261 77 288 451 
355 352 365 115 471 
62 192 79 250 375 
270 17 219 22 418 
201 136 342 221 209 
227 46 278 183 328 
87 275 387 159 339 
175 195 245 248 372 
358 131 337 415 382 
365 387 101 72 50 
203 146 67 23 333 
305 384 150 353 186 
326 58 412 156 412 
164 151 306 497 234 
372 376 236 429 342 
50 190 142 431 95 
323 483 462 467 290 
215 247 454 288 171 
406 144 396 125 499 
402 7 411 73 104 
42 391 309 326 306 
392 498 393 205 81 
23 104 412 469 80 
269 76 34 415 455 
228 63 23 415 289 
122 282 318 252 482 
288 222 167 71 155 
23 337 196 129 3 
242 49 155 458 116 
306 54 254 26 435 
458 432 419 140 266 
204 346 359 453 485 
474 202 88 340 271 
482 19 256 193 428 
111 107 381 492 43 
56 26 346 33 354 
155 219 117 103 381 
317 399 482 310 14 
418 481 155 89 292 
426 39 435 331 115 
203 266 150 471 21 
298 432 316 470 390 
237 244 498 225 0 
384 459 368 335 307 
349 192 219 392 226 
275 80 222 242 196 
197 429 132 470 94 
16 183 411 344 438 
391 411 389 159 16 
113 135 8 315 307 
352 347 394 460 221 
107 226 406 402 485 
313 55 406 51 213 
191 251 218 56 461 
405 33 29 459 478 
435 230 28 277 411 
234 149 288 94 115 
357 12 68 407 311 
186 399 116 155 414 
243 400 184 485 224 
200 156 324 189 56 
297 355 355 457 221 
234 197 424 242 422 
248 226 214 59 45 
423 258 468 404 40 
120 449 105 182 111 
98 129 265 398 358 
144 303 316 115 144 
111 406 21 309 279 
378 226 411 146 259 
356 105 229 487 420 
357 113 313 87 436 
310 370 210 473 383 
5 70 145 159 141 
207 146 214 470 415 
45 477 89 289 229 
431 127 154 160 378 
482 67 292 409 110 
244 210 353 385 339 
181 159 249 287 157 
148 482 229 154 286 
328 384 499 127 50 
44 15 60 92 38 
120 61 92 222 135 
137 436 203 64 318 
495 38 117 347 422 
343 70 321 176 77 
132 147 456 133 384 
241 291 411 181 159 
270 398 206 82 275 
93 416 59 435 466 
286 458 273 269 202 
106 168 200 63 413 
174 318 209 272 373 
168 121 256 149 468 
365 308 462 389 165 
110 469 246 32 383 
417 102 256 140 488 
34 17 441 389 161 
14 269 363 376 456 
5 433 303 452 426 
223 297 301 84 274 
339 407 317 452 412 
196 360 20 75 252 
85 381 103 434 243 
349 461 289 270 130 
4 370 456 343 488 
486 169 35 0 109 
1 299 411 496 151 
489 154 53 303 203 
467 465 254 81 390 
179 149 378 371 378 
167 481 419 101 464 
55 454 179 22 237 
94 439 101 144 214 
8 98 398 321 161 
470 496 52 449 129 
28 86 453 243 40 
273 480 238 234 168 
233 122 396 103 117 
429 104 379 334 331 
201 311 216 381 86 
336 459 211 130 198 
357 64 464 487 22 
187 240 391 223 29 
67 386 449 137 196 
36 276 444 281 411 
214 49 286 196 147 
197 244 438 269 257 
54 247 104 411 367 
100 422 423 278 338 
143 489 363 200 22 
42 312 478 428 409 
273 40 472 187 428 
305 382 361 234 93 
1 300 293 391 205 
86 69 2 383 412 
160 160 477 223 482 
221 357 147 310 205 
481 354 66 341 116 
59 262 380 203 68 
313 99 475 455 187 
459 476 10 163 361 
437 315 169 250 488 
305 160 411 416 118 
329 355 227 399 35 
493 274 490 10 146 
413 216 18 102 393 
41 355 420 385 289 
476 464 382 36 293 
368 37 62 333 451 
75 275 499 182 247 
291 112 56 112 190 
52 450 222 165 258 
383 410 105 99 181 
102 432 266 30 301 
54 33 163 305 447 
414 375 452 118 459 
189 101 360 86 125 
24 399 240 342 401 
453 372 297 451 231 
130 391 474 161 355 
305 11 222 98 90 
171 130 62 275 232 
238 361 323 284 85 
297 388 408 95 489 
250 364 386 186 112 
463 443 191 4 365 
322 84 146 361 108 
236 375 123 421 82 
245 139 183 69 251 
207 245 225 281 358 
1 10 370 458 232 
147 484 324 365 486 
54 443 48 3 237 
84 126 344 201 367 
438 247 341 270 172 
458 314 359 108 77 
422 158 102 120 332 
437 237 430 130 441 
88 414 150 296 292 
421 22 411 237 270 
176 90 214 292 76 
28 31 338 118 496 
233 87 84 242 225 
223 387 149 192 442 
118 395 6 131 344 
388 393 401 296 33 
227 294 324 146 262 
272 458 43 80 43 
123 450 5 70 269 
216 147 23 447 108 
402 149 484 384 432 
53 322 13 205 365 
189 69 431 471 149 
211 142 385 379 127 
428 490 296 486 41 
494 322 99 122 109 
153 184 488 88 444 
129 360 421 61 407 
478 261 269 208 39 
73 82 225 480 19 
493 368 350 86 433 
198 108 453 86 452 
352 321 201 273 371 
204 99 91 217 425 
275 129 331 371 143 
369 12 91 213 151 
456 491 432 69 14 
305 311 36 149 159 
217 284 438 28 34 
0 263 361 95 159 
476 135 9 230 492 
489 26 193 438 372 
380 390 95 312 357 
468 170 375 57 483 
145 380 96 455 331 
39 169 116 280 385 
79 324 295 72 374 
65 27 271 407 356 
484 363 379 271 107 
253 170 434 109 236 
496 73 313 244 183 
443 155 467 162 224 
21 390 64 87 13 
432 234 479 58 233 
56 33 318 8 181 
263 393 206 468 327 
85 188 377 38 305 
332 458 415 93 79 
462 427 377 52 341 
266 46 176 182 60 
39 91 259 76 371 
168 149 61 181 167 
313 51 87 71 403 
257 432 303 490 28 
197 470 211 181 382 
335 97 173 383 114 
109 83 413 136 297 
143 176 419 251 95 
233 19 102 483 67 
204 180 310 468 89 
94 118 259 487 493 
124 229 178 45 118 
274 302 304 350 352 
498 259 495 477 354 
499 108 321 42 54 
112 392 367 256 319 
287 418 314 325 3 
240 6 279 471 293 
249 486 78 168 175 
431 452 273 184 224 
193 495 163 267 304 
8 341 283 176 61 
444 91 146 120 74 
362 323 69 9 242 
243 67 99 257 345 
120 250 57 57 166 
104 229 344 41 110 
75 481 3 7 5 
90 377 226 145 257 
408 136 164 327 172 
323 209 101 444 441 
35 172 44 333 98 
392 217 138 421 205 
289 1 260 180 386 
154 180 455 28 358 
191 343 129 46 473 
186 255 214 253 373 
113 288 52 168 349 
81 113 35 347 238 
334 97 282 48 83 
18 39 386 106 67 
195 30 186 276 135 
479 61 124 149 345 
440 267 449 292 495 
146 434 292 442 291 
356 341 342 407 443 
386 205 89 259 33 
324 235 284 39 148 
306 221 204 293 147 
319 71 446 261 384 
194 445 21 97 151 
326 404 197 142 421 
9 271 459 231 90 
482 265 213 232 414 
42 257 397 449 177 
386 196 493 18 442 
171 385 42 5 468 
222 355 255 172 446 
383 482 460 430 308 
155 204 53 148 450 
216 77 177 275 288 
465 331 275 31 125 
323 221 420 23 353 
175 469 261 214 459 
28 0 348 361 128 
273 326 247 244 54 
