10
117 275 409 109 166 
382 204 65 8 128 
209 321 179 412 491 
172 139 86 230 114 
436 335 63 183 259 
319 297 441 475 482 
474 103 199 62 6 
356 484 204 486 490 
83 165 254 340 179 
35 474 222 227 440 
200 359 275 127 269 
327 472 448 92 435 
13 348 193 340 319 
88 436 307 263 449 
319 20 268 110 309 
131 104 140 400 404 
117 202 403 312 419 
166 58 146 387 222 
41 336 381 369 344 
172 173 58 494 364 
105 419 386 277 496 
401 74 204 401 188 
252 306 89 89 332 
181 173 46 472 242 
139 277 58 278 454 
256 333 259 78 367 
255 176 178 80 90 
45 149 94 131 346 
364 300 366 213 270 
377 302 379 85 42 
230 394 426 47 116 
343 371 45 498 256 
455 178 384 160 66 
211 309 417 368 136 
461 309 445 68 297 
51 353 265 300 252 
308 96 88 235 419 
403 256 186 383 180 
15 208 271 454 433 
18 410 358 34 16 
123 36 182 352 258 
87 480 359 192 359 
226 448 431 229 182 
494 458 85 303 1 
463 10 310 370 265 
248 104 406 74 244 
219 179 75 256 17 
268 256 308 52 344 
317 369 463 11 437 
357 364 25 124 348 
