82 113 132 177 457 
116 169 171 481 484 
56 202 303 307 437 
98 201 324 441 445 
47 78 215 459 486 

95 189 302 395 492 
61 224 227 397 433 
30 32 326 400 485 
40 195 248 377 395 
2 275 310 404 449 

76 201 283 382 388 
24 30 56 67 146 
14 49 138 242 459 
117 198 358 414 431 
123 262 280 387 425 

2 24 107 147 363 
69 130 248 379 405 
121 132 214 367 467 
15 25 150 248 253 
387 430 438 451 461 

178 228 284 394 458 
52 109 277 366 372 
98 158 239 442 449 
198 220 329 426 463 
32 88 139 339 479 

