109 117 166 275 409 
8 65 128 204 382 
179 209 321 412 491 
86 114 139 172 230 
63 183 259 335 436 

297 319 441 475 482 
6 62 103 199 474 
204 356 484 486 490 
83 165 179 254 340 
35 222 227 440 474 

127 200 269 275 359 
92 327 435 448 472 
13 193 319 340 348 
88 263 307 436 449 
20 110 268 309 319 

104 131 140 400 404 
117 202 312 403 419 
58 146 166 222 387 
41 336 344 369 381 
58 172 173 364 494 

105 277 386 419 496 
74 188 204 401 401 
89 89 252 306 332 
46 173 181 242 472 
58 139 277 278 454 

78 256 259 333 367 
80 90 176 178 255 
45 94 131 149 346 
213 270 300 364 366 
42 85 302 377 379 

47 116 230 394 426 
45 256 343 371 498 
66 160 178 384 455 
136 211 309 368 417 
68 297 309 445 461 

51 252 265 300 353 
88 96 235 308 419 
180 186 256 383 403 
15 208 271 433 454 
16 18 34 358 410 

36 123 182 258 352 
87 192 359 359 480 
182 226 229 431 448 
1 85 303 458 494 
10 265 310 370 463 

74 104 244 248 406 
17 75 179 219 256 
52 256 268 308 344 
11 317 369 437 463 
25 124 348 357 364 

