92 260 271 345 447 
136 323 376 380 406 
59 80 175 187 439 
2 6 62 296 390 
58 70 105 223 354 

46 112 257 381 445 
100 130 305 421 466 
106 214 241 359 480 
178 243 265 304 385 
15 74 92 145 356 

147 177 256 263 460 
47 124 144 174 287 
218 289 435 448 460 
87 181 197 206 439 
74 150 161 217 475 

139 159 240 284 415 
46 78 375 419 489 
5 37 103 321 473 
58 146 181 254 456 
99 146 243 318 348 

76 168 213 397 442 
10 39 283 292 341 
100 128 289 348 431 
50 94 390 432 495 
16 34 179 358 434 

68 187 197 232 455 
11 47 82 195 359 
21 135 182 362 442 
24 36 293 294 430 
215 243 272 278 301 

138 159 176 198 471 
27 172 177 291 441 
18 93 300 342 408 
293 391 395 478 499 
20 26 218 397 444 

117 246 351 401 406 
54 113 170 235 450 
228 272 285 296 299 
173 286 297 417 492 
183 360 456 461 490 

85 158 275 348 366 
150 153 197 200 221 
128 144 195 389 437 
1 44 102 299 406 
188 215 327 392 496 

151 159 210 289 360 
119 157 192 243 331 
74 126 177 237 336 
89 94 96 395 495 
179 231 310 365 480 

249 300 344 347 388 
101 155 218 267 321 
62 119 212 238 285 
5 95 216 313 410 
0 23 133 457 484 

109 125 155 207 311 
53 72 116 375 473 
114 180 187 418 473 
109 117 156 163 466 
31 54 225 235 297 

31 62 72 194 310 
109 136 210 253 435 
23 245 261 289 373 
228 319 400 421 433 
23 60 82 239 414 

41 78 210 218 299 
121 269 307 350 401 
15 103 301 307 463 
177 192 290 327 427 
162 187 225 262 422 

27 62 154 186 481 
213 294 372 403 476 
149 223 287 318 333 
31 63 153 278 287 
61 148 200 360 429 

89 215 221 330 446 
127 361 365 404 484 
47 79 190 369 470 
43 118 215 361 393 
50 162 237 341 361 

2 55 240 338 425 
116 129 170 261 296 
12 75 213 294 473 
101 139 213 231 490 
74 112 185 287 313 

182 212 254 297 444 
62 98 228 268 308 
173 189 404 491 491 
129 143 203 288 366 
68 93 209 428 488 

20 131 187 228 239 
53 186 238 375 419 
123 312 319 337 374 
61 178 191 280 414 
131 132 224 350 375 

146 151 177 235 265 
28 59 66 290 398 
25 40 80 317 333 
24 90 202 231 403 
49 69 182 390 456 

10 204 289 353 481 
217 280 310 415 438 
45 62 71 84 395 
133 164 169 184 214 
61 232 271 360 477 

55 157 168 315 469 
94 107 152 188 337 
154 181 183 186 395 
56 305 366 423 486 
42 68 130 292 427 

104 252 255 260 384 
57 60 101 369 465 
66 103 126 132 394 
39 51 206 365 440 
3 124 343 370 394 

296 302 339 435 463 
13 220 250 294 297 
9 155 218 443 462 
9 202 349 433 465 
33 200 243 361 431 

38 187 216 219 485 
54 105 143 144 346 
35 286 353 469 491 
3 108 217 410 440 
26 378 407 409 479 

1 90 218 309 349 
82 86 272 387 469 
75 263 264 432 492 
78 179 271 378 411 
12 122 314 369 434 

77 170 271 366 470 
103 214 233 371 379 
36 294 433 451 479 
110 241 438 446 493 
61 140 324 380 487 

18 196 210 344 436 
83 104 152 262 359 
61 71 291 354 381 
59 171 197 378 460 
15 58 98 187 436 

30 62 249 380 433 
242 301 372 388 425 
18 54 176 420 478 
71 159 206 276 393 
148 196 268 282 373 

4 83 223 294 367 
120 209 373 385 434 
24 113 153 234 494 
11 68 115 313 442 
38 44 101 134 326 

70 73 76 251 496 
6 221 435 439 464 
125 176 195 240 405 
197 252 305 352 426 
71 148 202 218 390 

34 54 97 228 449 
6 88 187 400 438 
23 51 229 395 422 
44 57 69 360 400 
99 106 115 177 236 

12 78 295 377 477 
121 234 284 300 409 
50 168 273 311 349 
85 124 327 334 495 
66 168 286 289 456 

18 90 144 274 360 
115 200 308 393 462 
6 145 221 232 252 
241 256 268 276 491 
12 13 52 166 397 

124 136 158 189 432 
134 146 275 323 335 
11 67 308 422 445 
3 157 236 324 444 
1 177 337 365 392 

70 89 192 327 335 
134 148 181 272 341 
34 36 179 196 327 
74 141 271 387 428 
291 352 411 435 483 

42 321 365 370 492 
60 308 335 360 428 
16 146 264 329 392 
265 288 343 345 369 
61 312 429 448 450 

91 254 325 357 445 
125 241 430 459 479 
51 175 179 295 316 
363 442 485 486 489 
137 182 198 293 437 

110 296 370 371 497 
31 174 239 276 312 
223 250 353 399 416 
67 92 395 476 486 
3 65 188 324 378 

146 150 204 309 313 
98 248 302 453 484 
48 277 340 376 421 
133 156 159 177 354 
58 96 163 309 364 

90 142 229 394 499 
207 303 372 413 467 
77 261 288 289 451 
115 352 355 365 471 
62 79 192 250 375 

17 22 219 270 418 
136 201 209 221 342 
46 183 227 278 328 
87 159 275 339 387 
175 195 245 248 372 

131 337 358 382 415 
50 72 101 365 387 
23 67 146 203 333 
150 186 305 353 384 
58 156 326 412 412 

151 164 234 306 497 
236 342 372 376 429 
50 95 142 190 431 
290 323 462 467 483 
171 215 247 288 454 

125 144 396 406 499 
7 73 104 402 411 
42 306 309 326 391 
81 205 392 393 498 
23 80 104 412 469 

34 76 269 415 455 
23 63 228 289 415 
122 252 282 318 482 
71 155 167 222 288 
3 23 129 196 337 

49 116 155 242 458 
26 54 254 306 435 
140 266 419 432 458 
204 346 359 453 485 
88 202 271 340 474 

19 193 256 428 482 
43 107 111 381 492 
26 33 56 346 354 
103 117 155 219 381 
14 310 317 399 482 

89 155 292 418 481 
39 115 331 426 435 
21 150 203 266 471 
298 316 390 432 470 
0 225 237 244 498 

307 335 368 384 459 
192 219 226 349 392 
80 196 222 242 275 
94 132 197 429 470 
16 183 344 411 438 

16 159 389 391 411 
8 113 135 307 315 
221 347 352 394 460 
107 226 402 406 485 
51 55 213 313 406 

56 191 218 251 461 
29 33 405 459 478 
28 230 277 411 435 
94 115 149 234 288 
12 68 311 357 407 

116 155 186 399 414 
184 224 243 400 485 
56 156 189 200 324 
221 297 355 355 457 
197 234 242 422 424 

45 59 214 226 248 
40 258 404 423 468 
105 111 120 182 449 
98 129 265 358 398 
115 144 144 303 316 

21 111 279 309 406 
146 226 259 378 411 
105 229 356 420 487 
87 113 313 357 436 
210 310 370 383 473 

5 70 141 145 159 
146 207 214 415 470 
45 89 229 289 477 
127 154 160 378 431 
67 110 292 409 482 

210 244 339 353 385 
157 159 181 249 287 
148 154 229 286 482 
50 127 328 384 499 
15 38 44 60 92 

61 92 120 135 222 
64 137 203 318 436 
38 117 347 422 495 
70 77 176 321 343 
132 133 147 384 456 

159 181 241 291 411 
82 206 270 275 398 
59 93 416 435 466 
202 269 273 286 458 
63 106 168 200 413 

174 209 272 318 373 
121 149 168 256 468 
165 308 365 389 462 
32 110 246 383 469 
102 140 256 417 488 

17 34 161 389 441 
14 269 363 376 456 
5 303 426 433 452 
84 223 274 297 301 
317 339 407 412 452 

20 75 196 252 360 
85 103 243 381 434 
130 270 289 349 461 
4 343 370 456 488 
0 35 109 169 486 

1 151 299 411 496 
53 154 203 303 489 
81 254 390 465 467 
149 179 371 378 378 
101 167 419 464 481 

22 55 179 237 454 
94 101 144 214 439 
8 98 161 321 398 
52 129 449 470 496 
28 40 86 243 453 

168 234 238 273 480 
103 117 122 233 396 
104 331 334 379 429 
86 201 216 311 381 
130 198 211 336 459 

22 64 357 464 487 
29 187 223 240 391 
67 137 196 386 449 
36 276 281 411 444 
49 147 196 214 286 

197 244 257 269 438 
54 104 247 367 411 
100 278 338 422 423 
22 143 200 363 489 
42 312 409 428 478 

40 187 273 428 472 
93 234 305 361 382 
1 205 293 300 391 
2 69 86 383 412 
160 160 223 477 482 

147 205 221 310 357 
66 116 341 354 481 
59 68 203 262 380 
99 187 313 455 475 
10 163 361 459 476 

169 250 315 437 488 
118 160 305 411 416 
35 227 329 355 399 
10 146 274 490 493 
18 102 216 393 413 

41 289 355 385 420 
36 293 382 464 476 
37 62 333 368 451 
75 182 247 275 499 
56 112 112 190 291 

52 165 222 258 450 
99 105 181 383 410 
30 102 266 301 432 
33 54 163 305 447 
118 375 414 452 459 

86 101 125 189 360 
24 240 342 399 401 
231 297 372 451 453 
130 161 355 391 474 
11 90 98 222 305 

62 130 171 232 275 
85 238 284 323 361 
95 297 388 408 489 
112 186 250 364 386 
4 191 365 443 463 

84 108 146 322 361 
82 123 236 375 421 
69 139 183 245 251 
207 225 245 281 358 
1 10 232 370 458 

147 324 365 484 486 
3 48 54 237 443 
84 126 201 344 367 
172 247 270 341 438 
77 108 314 359 458 

102 120 158 332 422 
130 237 430 437 441 
88 150 292 296 414 
22 237 270 411 421 
76 90 176 214 292 

28 31 118 338 496 
84 87 225 233 242 
149 192 223 387 442 
6 118 131 344 395 
33 296 388 393 401 

146 227 262 294 324 
43 43 80 272 458 
5 70 123 269 450 
23 108 147 216 447 
149 384 402 432 484 

13 53 205 322 365 
69 149 189 431 471 
127 142 211 379 385 
41 296 428 486 490 
99 109 122 322 494 

88 153 184 444 488 
61 129 360 407 421 
39 208 261 269 478 
19 73 82 225 480 
86 350 368 433 493 

86 108 198 452 453 
201 273 321 352 371 
91 99 204 217 425 
129 143 275 331 371 
12 91 151 213 369 

14 69 432 456 491 
36 149 159 305 311 
28 34 217 284 438 
0 95 159 263 361 
9 135 230 476 492 

26 193 372 438 489 
95 312 357 380 390 
57 170 375 468 483 
96 145 331 380 455 
39 116 169 280 385 

72 79 295 324 374 
27 65 271 356 407 
107 271 363 379 484 
109 170 236 253 434 
73 183 244 313 496 

155 162 224 443 467 
13 21 64 87 390 
58 233 234 432 479 
8 33 56 181 318 
206 263 327 393 468 

38 85 188 305 377 
79 93 332 415 458 
52 341 377 427 462 
46 60 176 182 266 
39 76 91 259 371 

61 149 167 168 181 
51 71 87 313 403 
28 257 303 432 490 
181 197 211 382 470 
97 114 173 335 383 

83 109 136 297 413 
95 143 176 251 419 
19 67 102 233 483 
89 180 204 310 468 
94 118 259 487 493 

45 118 124 178 229 
274 302 304 350 352 
259 354 477 495 498 
42 54 108 321 499 
112 256 319 367 392 

3 287 314 325 418 
6 240 279 293 471 
78 168 175 249 486 
184 224 273 431 452 
163 193 267 304 495 

8 61 176 283 341 
74 91 120 146 444 
9 69 242 323 362 
67 99 243 257 345 
57 57 120 166 250 

41 104 110 229 344 
3 5 7 75 481 
90 145 226 257 377 
136 164 172 327 408 
101 209 323 441 444 

35 44 98 172 333 
138 205 217 392 421 
1 180 260 289 386 
28 154 180 358 455 
46 129 191 343 473 

186 214 253 255 373 
52 113 168 288 349 
35 81 113 238 347 
48 83 97 282 334 
18 39 67 106 386 

30 135 186 195 276 
61 124 149 345 479 
267 292 440 449 495 
146 291 292 434 442 
341 342 356 407 443 

33 89 205 259 386 
39 148 235 284 324 
147 204 221 293 306 
71 261 319 384 446 
21 97 151 194 445 

142 197 326 404 421 
9 90 231 271 459 
213 232 265 414 482 
42 177 257 397 449 
18 196 386 442 493 

5 42 171 385 468 
172 222 255 355 446 
308 383 430 460 482 
53 148 155 204 450 
77 177 216 275 288 

31 125 275 331 465 
23 221 323 353 420 
175 214 261 459 469 
0 28 128 348 361 
54 244 247 273 326 

